all rotations for insertions
6903 
6984 
6867 
7058 
7059 
7037 
7012 
6906 
6982 
7027 
7032 
7015 
6988 
6975 
6888 
7009 
6967 
6916 
7006 
6985 
6851 
6926 
6871 
7047 
6986 
7038 
6995 
6969 
6968 
6991 
7037 
6949 
7055 
7032 
6952 
7097 
6895 
7079 
6922 
6945 
7094 
6890 
7131 
6943 
7013 
6973 
7025 
7089 
6922 
7007 
6995 
6904 
6914 
7029 
6863 
6885 
6959 
6904 
7046 
7019 
7002 
6970 
7002 
6924 
7123 
6882 
7067 
6958 
7000 
6983 
7096 
7021 
7013 
6969 
6902 
6914 
6809 
6838 
7029 
7056 
6901 
6968 
6995 
7031 
7154 
6882 
6895 
6921 
7106 
7042 
7095 
7056 
7043 
7096 
6780 
6838 
6935 
6923 
7039 
6995 
69849 
69690 
70366 
69103 
69815 
70037 
70212 
69859 
69858 
70061 
69887 
69782 
69726 
69853 
69455 
69124 
69477 
70147 
69789 
70173 
69860 
69816 
69827 
69528 
70047 
70452 
69466 
70018 
69871 
69747 
69520 
70156 
69716 
69850 
70172 
69946 
69714 
70049 
69913 
70122 
69816 
70342 
69907 
70113 
69852 
70079 
70062 
70043 
69618 
69690 
70092 
70065 
69885 
69991 
69728 
70542 
69694 
69736 
69753 
69735 
69311 
70043 
69885 
70252 
70397 
70326 
70091 
69892 
69589 
69476 
69688 
69975 
69839 
69749 
70230 
69684 
70370 
69738 
69731 
69648 
69866 
69829 
70109 
70046 
69564 
69914 
69616 
70304 
69662 
70065 
69893 
69907 
69664 
69581 
70071 
69888 
70177 
69689 
70215 
69979 
697722 
697934 
697542 
698472 
698492 
699651 
698610 
696520 
698537 
697560 
697343 
696292 
698760 
698257 
698086 
699317 
696968 
699117 
697959 
698687 
698159 
698948 
698773 
698438 
698841 
696446 
700598 
698794 
698664 
698456 
699402 
697361 
698193 
699883 
698017 
697998 
699129 
697581 
699273 
698118 
698018 
698136 
699148 
697861 
698693 
698588 
698365 
698279 
698720 
698057 
697995 
698415 
698234 
698130 
697462 
698085 
698062 
698951 
698638 
699422 
699250 
697646 
698961 
698361 
697679 
698904 
699376 
699535 
698817 
698332 
698300 
699144 
696156 
698858 
699256 
698635 
699036 
696846 
699664 
698247 
696892 
699153 
697697 
698898 
697208 
697747 
699267 
697882 
698386 
697372 
699026 
698308 
697934 
697568 
697852 
697879 
697834 
698211 
699360 
698725 
6982645 
6984785 
6983878 
6983666 
6981995 
6982905 
6981721 
6985053 
6981457 
6982277 
6980876 
6980960 
6979520 
6979006 
6979025 
6983610 
6975776 
6982774 
6980380 
6986179 
6981946 
6983579 
6983566 
6983340 
6982194 
6986895 
6985621 
6984565 
6979791 
6979282 
6979810 
6979939 
6988388 
6981152 
6980787 
6989149 
6982484 
6986931 
6982248 
6983867 
6979332 
6984164 
6979476 
6984810 
6979900 
6976958 
6976712 
6985675 
6982170 
6981099 
6986201 
6984582 
6980117 
6982220 
6985838 
6983457 
6986212 
6983424 
6981965 
6989518 
6981603 
6979965 
6979018 
6982614 
6981954 
6981753 
6984860 
6984139 
6983278 
6985809 
6984004 
6982003 
6982871 
6982577 
6977343 
6984573 
6979901 
6984927 
6982325 
6985218 
6982021 
6982576 
6982852 
6984933 
6984668 
6984412 
6981178 
6984207 
6984787 
6977707 
6986726 
6983039 
6982192 
6984261 
6982985 
6984754 
6984655 
6984276 
6983005 
6988655 
all rotations needed for deletions
382 
324 
342 
360 
330 
353 
343 
345 
376 
366 
349 
362 
333 
354 
335 
335 
367 
359 
340 
333 
341 
366 
321 
358 
321 
317 
342 
329 
323 
320 
353 
377 
337 
330 
358 
325 
373 
365 
340 
343 
290 
295 
351 
372 
340 
336 
348 
374 
325 
336 
377 
348 
327 
348 
353 
386 
351 
373 
348 
320 
373 
387 
288 
379 
328 
302 
358 
340 
341 
377 
326 
361 
351 
347 
385 
303 
356 
377 
356 
362 
363 
346 
349 
348 
344 
375 
325 
357 
311 
353 
340 
313 
315 
328 
338 
344 
321 
356 
333 
318 
3417 
3375 
3474 
3454 
3448 
3517 
3412 
3440 
3378 
3337 
3490 
3512 
3407 
3425 
3396 
3377 
3424 
3412 
3339 
3522 
3472 
3410 
3562 
3398 
3365 
3334 
3482 
3389 
3439 
3568 
3436 
3427 
3469 
3401 
3485 
3248 
3468 
3603 
3490 
3599 
3356 
3462 
3474 
3481 
3443 
3445 
3535 
3469 
3337 
3576 
3308 
3465 
3447 
3445 
3466 
3421 
3416 
3412 
3585 
3471 
3330 
3348 
3528 
3395 
3392 
3451 
3525 
3409 
3418 
3347 
3499 
3561 
3354 
3424 
3527 
3480 
3501 
3383 
3501 
3474 
3498 
3446 
3500 
3673 
3412 
3402 
3351 
3483 
3576 
3441 
3535 
3516 
3438 
3488 
3560 
3479 
3344 
3471 
3394 
3468 
34837 
34460 
34315 
34376 
34468 
34126 
34300 
34165 
34460 
34386 
34661 
34502 
33826 
34509 
34568 
34411 
34774 
34347 
34050 
34139 
34558 
34694 
34583 
34212 
34739 
34214 
34396 
34512 
34599 
34453 
34039 
34300 
34515 
34593 
34452 
34975 
34342 
34112 
34461 
34731 
34232 
34608 
34330 
34494 
34644 
34299 
34186 
34495 
34227 
34585 
33911 
34076 
34326 
34587 
34624 
34735 
34288 
34702 
34578 
34255 
34001 
34532 
34135 
34430 
33977 
34142 
34174 
34368 
34486 
34418 
34399 
34498 
34532 
34219 
34258 
34414 
34382 
34615 
34402 
34261 
34437 
34343 
34391 
34122 
34332 
34145 
34583 
34632 
34621 
34497 
33862 
34682 
34376 
34800 
34650 
33890 
34559 
34526 
34851 
34628 
344489 
343758 
343947 
344435 
344954 
343395 
344843 
343560 
343748 
345161 
343973 
344373 
345300 
344370 
343025 
343723 
344399 
344386 
344376 
344897 
344882 
343444 
345225 
344178 
344933 
344369 
343778 
344089 
344197 
345023 
344712 
343622 
344486 
344141 
343926 
344365 
344167 
344591 
343904 
344148 
343545 
344561 
345105 
346074 
344383 
344308 
344669 
344203 
343234 
345086 
344439 
344258 
343294 
343734 
344016 
344823 
343940 
343168 
345406 
343272 
344545 
343248 
344341 
344587 
345634 
343359 
344041 
344226 
344088 
344386 
343414 
345106 
344653 
344040 
343171 
344400 
345007 
344824 
344108 
346108 
344889 
344877 
344025 
344734 
344566 
345869 
343847 
344658 
344264 
342811 
343468 
344729 
344795 
345695 
344423 
344407 
344785 
345022 
344765 
345522 
all heights before deletions
16 
16 
16 
16 
16 
16 
16 
16 
16 
16 
16 
16 
16 
16 
16 
16 
16 
16 
16 
16 
16 
16 
16 
16 
16 
16 
16 
15 
16 
16 
16 
16 
16 
16 
16 
16 
16 
16 
16 
16 
16 
16 
16 
16 
16 
16 
16 
16 
16 
16 
16 
16 
16 
16 
16 
16 
16 
16 
16 
16 
16 
16 
16 
16 
16 
16 
16 
16 
16 
16 
16 
16 
16 
16 
16 
16 
16 
16 
16 
16 
16 
16 
16 
16 
16 
16 
16 
16 
16 
16 
16 
16 
16 
16 
16 
16 
16 
16 
16 
16 
20 
20 
20 
20 
20 
20 
20 
20 
20 
20 
20 
20 
20 
20 
20 
20 
20 
20 
20 
20 
20 
20 
20 
20 
20 
20 
20 
20 
20 
20 
20 
20 
20 
20 
20 
20 
20 
20 
20 
20 
20 
20 
20 
20 
20 
20 
20 
20 
20 
20 
20 
20 
20 
20 
20 
20 
20 
20 
20 
20 
20 
20 
20 
20 
20 
20 
20 
20 
20 
20 
20 
20 
20 
20 
20 
20 
20 
20 
20 
20 
20 
20 
20 
20 
20 
20 
20 
20 
20 
20 
20 
20 
20 
20 
20 
20 
20 
20 
20 
20 
24 
24 
24 
24 
24 
24 
24 
24 
24 
24 
24 
24 
24 
24 
24 
24 
24 
24 
24 
24 
24 
24 
24 
24 
24 
24 
24 
24 
24 
24 
24 
24 
24 
24 
24 
24 
24 
24 
24 
24 
23 
24 
24 
24 
24 
24 
24 
24 
24 
24 
24 
24 
24 
24 
24 
24 
24 
24 
24 
24 
24 
24 
24 
24 
24 
24 
24 
24 
24 
24 
24 
24 
24 
24 
24 
24 
24 
24 
24 
24 
24 
24 
24 
24 
24 
24 
24 
24 
24 
24 
24 
24 
24 
24 
24 
24 
24 
24 
24 
24 
28 
28 
28 
28 
28 
28 
28 
28 
28 
28 
28 
28 
28 
28 
28 
28 
28 
28 
28 
28 
28 
28 
28 
28 
28 
28 
28 
28 
28 
28 
28 
28 
28 
28 
28 
28 
28 
28 
28 
28 
28 
28 
28 
28 
28 
28 
28 
28 
28 
28 
28 
28 
28 
28 
28 
28 
28 
28 
28 
28 
28 
28 
28 
28 
28 
28 
28 
28 
28 
28 
28 
28 
28 
28 
28 
28 
28 
28 
28 
28 
28 
28 
28 
28 
28 
28 
28 
28 
28 
28 
28 
28 
28 
28 
28 
28 
28 
28 
28 
28 
all heights after deletions
16 
16 
16 
16 
16 
16 
16 
16 
15 
16 
16 
16 
16 
16 
16 
15 
16 
16 
16 
16 
16 
16 
15 
16 
16 
16 
16 
15 
16 
16 
16 
16 
16 
16 
15 
16 
16 
15 
16 
16 
16 
16 
16 
16 
16 
16 
16 
16 
16 
16 
16 
16 
16 
16 
16 
16 
16 
16 
16 
16 
16 
16 
16 
16 
16 
16 
16 
16 
16 
16 
16 
16 
16 
16 
16 
16 
16 
16 
16 
16 
16 
16 
16 
16 
16 
16 
16 
15 
16 
16 
16 
16 
16 
16 
16 
16 
16 
15 
16 
16 
20 
20 
20 
20 
20 
20 
20 
20 
20 
20 
20 
20 
20 
20 
20 
20 
20 
20 
20 
20 
20 
20 
19 
20 
20 
19 
20 
20 
20 
20 
20 
20 
20 
20 
20 
20 
20 
20 
20 
20 
20 
19 
20 
20 
20 
20 
20 
20 
20 
20 
20 
20 
20 
20 
20 
20 
20 
20 
20 
20 
20 
20 
20 
20 
20 
20 
20 
20 
20 
20 
20 
20 
20 
20 
20 
20 
20 
20 
20 
20 
20 
20 
20 
20 
20 
20 
20 
20 
20 
20 
20 
20 
20 
20 
20 
20 
20 
20 
20 
20 
24 
24 
24 
24 
24 
24 
24 
24 
24 
24 
24 
24 
24 
24 
23 
24 
24 
24 
24 
24 
24 
24 
24 
23 
24 
24 
24 
24 
24 
24 
24 
24 
24 
24 
24 
24 
24 
24 
24 
24 
23 
24 
24 
24 
24 
24 
24 
24 
24 
24 
24 
24 
24 
24 
24 
24 
24 
24 
24 
24 
24 
24 
24 
24 
24 
24 
24 
24 
24 
24 
24 
24 
24 
24 
24 
24 
24 
24 
23 
24 
24 
24 
24 
24 
24 
24 
24 
24 
24 
24 
24 
24 
24 
24 
24 
24 
24 
23 
24 
24 
27 
28 
28 
28 
28 
28 
28 
28 
28 
28 
28 
28 
28 
28 
28 
28 
28 
28 
28 
27 
28 
28 
28 
28 
28 
28 
27 
28 
28 
28 
28 
28 
28 
28 
28 
27 
28 
27 
28 
28 
28 
28 
28 
28 
28 
28 
28 
28 
28 
28 
28 
28 
28 
28 
27 
28 
27 
28 
28 
28 
28 
28 
28 
28 
28 
28 
28 
28 
28 
28 
28 
28 
28 
27 
28 
28 
28 
28 
28 
28 
27 
27 
28 
28 
28 
28 
28 
28 
28 
28 
28 
28 
28 
28 
28 
28 
28 
28 
28 
28 
