all rotations for insertions
2915
2842
3000
2916
2861
2950
2895
2901
2869
2894
2847
2889
2911
2883
2881
2818
2885
2890
2971
2934
2823
2854
3009
2838
2833
2952
2858
2918
2908
2916
2919
2930
2979
2875
2903
2935
2940
2925
3000
2857
2920
2942
2884
2872
2902
2895
2919
2985
2974
2960
2790
2918
2867
2933
2935
2935
2934
2901
2919
2915
2838
2910
2931
2828
2874
2901
2880
2905
2869
2887
2912
2837
2895
2865
2942
2924
2943
2960
2867
2968
2958
2978
2903
2860
2923
2924
2922
2932
2851
2922
2904
2939
3000
2907
2918
2949
2862
2913
2906
2939
29216
28827
29277
29104
29167
28858
29049
29162
29036
29334
29151
29113
29004
29261
29213
29416
29305
29224
28999
29224
29313
28993
29019
29260
28862
29010
29241
29024
29162
29177
29148
29157
29222
29251
29095
28972
28905
29132
28912
28953
29194
29137
29134
28977
29104
29048
29128
29235
29002
28937
29177
29147
29235
29239
29143
29177
28965
29447
29033
28851
29253
29145
29020
29040
29348
29211
29247
28885
29020
29105
29365
28973
29169
29080
29106
29100
29293
29155
29285
29090
29048
28974
29195
29291
29175
28975
29275
29175
29021
29171
29198
29181
29196
29092
29055
29245
29028
29076
29058
29345
291451
291006
291307
290615
291308
291659
290908
291019
291540
290371
290808
291348
291079
291228
291613
291473
291253
291309
291495
290986
292316
291575
290681
291210
291409
291272
290846
291359
290618
290739
291268
291506
291340
292020
291522
291306
291367
291476
290785
291187
290540
291019
291297
291099
290971
292037
291080
291718
291062
291431
291455
290976
291523
291750
292219
292259
291497
291749
292007
291361
291780
291227
291260
291511
291463
291154
291385
291451
291063
291087
291544
291427
291814
291285
291098
291648
290902
291513
290821
291302
291521
291406
291606
291865
291157
291223
291930
291698
291811
291288
291546
290720
291839
291579
291136
291169
290580
291553
290864
290295
2913966
2913668
2913219
2912913
2912078
2911474
2911237
2911553
2912826
2913457
2910858
2909169
2913040
2913673
2912827
2913218
2914591
2913790
2913282
2913179
2911496
2909881
2912186
2912379
2911456
2912097
2910743
2915283
2912818
2913475
2911709
2910798
2912454
2912438
2912945
2910246
2914862
2912928
2912075
2912411
2912924
2911795
2913151
2913320
2912321
2913210
2914149
2912301
2909568
2910839
2911690
2914101
2912725
2913153
2913135
2913707
2913116
2916145
2912880
2915634
2910736
2911239
2913510
2913993
2912177
2912406
2913197
2910535
2911840
2908354
2909833
2912934
2912891
2913807
2911301
2914474
2911011
2910197
2915063
2912261
2910943
2913240
2913046
2910291
2913689
2912652
2913696
2910380
2912621
2911868
2914354
2909885
2913196
2912260
2913778
2912848
2910600
2912264
2913127
2912648
all rotations needed for deletions
1
2
1
0
2
2
3
0
1
3
1
0
1
0
1
2
0
2
2
1
2
2
5
0
0
4
3
1
1
0
0
3
2
2
1
1
2
2
0
0
2
0
3
5
3
3
0
3
2
5
0
2
1
2
1
0
2
0
0
4
0
2
1
0
1
0
3
0
1
1
1
0
1
2
1
2
1
4
1
1
0
4
2
2
0
3
2
3
0
0
0
4
4
2
3
1
3
0
4
1
25
11
16
17
22
15
17
12
18
10
16
13
18
19
22
22
23
15
17
10
21
21
8
15
15
24
24
19
21
18
13
18
12
15
24
17
18
15
16
15
16
20
15
15
12
17
21
17
15
15
18
18
21
11
13
32
13
22
18
18
13
15
14
16
27
11
13
29
16
16
19
15
18
16
21
18
17
11
25
42
24
16
16
21
18
24
16
17
16
19
13
21
14
26
22
14
16
20
15
18
176
180
175
171
167
172
179
195
220
173
179
156
175
191
192
168
181
182
202
172
163
180
188
195
164
175
171
157
178
175
175
169
182
193
184
176
176
195
162
182
182
171
168
188
181
150
213
187
183
177
180
174
178
162
161
186
169
178
171
148
169
176
167
187
198
180
167
155
200
171
183
190
162
169
179
155
152
188
185
201
203
161
186
195
144
188
189
168
176
177
180
194
171
179
185
150
155
173
169
215
1783
1756
1839
1738
1805
1722
1786
1785
1804
1748
1785
1772
1756
1860
1739
1697
1661
1765
1854
1852
1780
1749
1740
1836
1763
1828
1759
1782
1726
1697
1795
1786
1765
1716
1738
1782
1718
1813
1807
1771
1763
1698
1733
1750
1794
1766
1710
1797
1809
1798
1710
1727
1781
1808
1808
1811
1752
1770
1743
1866
1716
1799
1730
1748
1815
1772
1747
1799
1748
1741
1763
1720
1739
1740
1773
1842
1748
1744
1763
1718
1780
1761
1828
1737
1749
1786
1756
1762
1796
1831
1796
1809
1806
1724
1758
1744
1779
1796
1756
1759
all heights before deletions
16
15
15
15
15
15
15
16
15
16
16
15
15
16
15
15
15
15
15
16
15
15
15
16
15
15
15
15
16
15
15
15
15
15
15
15
15
15
15
15
16
16
15
15
15
15
15
15
16
15
15
15
15
16
15
15
15
15
15
16
15
16
15
16
15
15
15
15
15
15
15
15
15
15
16
16
15
15
15
15
15
15
16
15
15
15
15
15
15
15
15
15
15
15
15
15
15
15
15
15
19
19
19
19
19
19
19
19
19
19
19
19
19
19
20
19
19
19
20
19
19
19
20
19
19
19
20
20
20
19
19
19
19
19
19
19
19
20
19
19
19
19
20
19
20
19
19
20
19
19
19
19
20
20
20
19
19
19
19
19
20
19
19
20
19
19
19
20
19
19
19
20
19
19
19
19
20
19
19
19
19
19
19
19
19
19
20
19
19
20
20
19
20
19
20
19
19
19
19
19
23
23
24
24
24
24
23
23
24
23
23
23
24
23
23
23
23
23
23
23
24
23
23
23
23
24
23
23
23
23
23
23
23
23
23
23
23
23
23
23
23
23
24
23
24
23
23
23
23
23
23
23
23
24
23
23
23
23
24
24
23
23
24
23
23
23
23
23
23
23
23
23
23
23
23
23
24
23
23
23
23
23
24
24
23
23
23
24
23
24
23
23
23
23
23
23
24
23
23
23
27
27
27
27
27
27
27
27
27
27
28
27
27
28
27
28
27
27
27
28
27
27
28
27
27
27
27
27
27
27
27
27
27
27
27
28
28
27
27
27
27
28
27
27
27
27
27
27
27
28
27
27
27
27
27
27
27
27
27
27
27
27
27
27
27
27
27
27
27
27
28
27
27
27
27
27
27
27
27
27
27
27
27
27
27
27
27
27
27
27
27
28
27
27
28
27
27
27
27
28
all heights after deletions
16
15
15
15
15
15
15
16
15
15
16
15
15
16
15
15
15
15
15
16
15
15
15
16
15
15
15
15
16
15
15
15
15
15
15
15
15
15
15
15
16
15
15
15
15
15
15
15
16
15
15
15
15
16
15
15
15
15
15
16
15
16
15
16
15
15
15
15
15
15
15
15
15
15
16
16
15
15
15
15
15
15
16
15
15
15
15
15
15
15
15
15
15
15
15
15
15
15
15
15
19
19
19
19
19
19
19
19
19
19
19
19
19
19
20
19
19
19
20
19
19
19
20
19
19
19
20
19
20
19
19
19
19
19
19
19
19
20
19
19
19
19
20
19
20
19
19
20
19
19
19
19
20
20
20
19
19
19
19
19
20
19
19
20
19
19
19
20
19
19
19
20
19
19
19
19
19
19
19
19
19
19
19
19
19
19
20
19
19
20
20
19
20
19
19
19
19
19
19
19
23
23
24
24
24
24
23
23
24
23
23
23
24
23
23
23
23
23
23
23
24
23
23
23
23
24
23
23
23
23
23
23
23
23
23
23
23
23
23
23
23
23
24
23
24
23
23
23
23
23
23
23
23
23
23
23
23
23
24
24
23
23
24
23
23
23
23
23
23
23
23
23
23
23
23
23
24
23
23
23
23
23
24
24
23
23
23
24
23
24
23
23
23
23
23
23
24
23
23
23
27
27
27
27
27
27
27
27
27
27
28
27
27
28
27
28
27
27
27
28
27
27
28
27
27
27
27
27
27
27
27
27
27
27
27
28
28
27
27
27
27
28
27
27
27
27
27
27
27
27
27
27
27
27
27
27
27
27
27
27
27
27
27
27
27
27
27
27
27
27
27
27
27
27
27
27
27
27
27
27
27
27
27
27
27
27
27
27
27
27
27
28
27
27
28
27
27
27
27
28
